48
6
236
185
180
371
434
304
197
181
217
429
240
92
355
15
288
371
288
80
390
253
42
36
160
428
428
356
454
413
22
288
151
461
241
392
300
136
338
253
8
255
183
423
257
452
31
455
95
143
113
361
104
270
142
123
264
316
108
6
462
215
198
328
478
123
308
145
400
65
342
29
465
488
480
216
47
404
389
68
433
116
346
398
395
352
262
497
352
58
120
117
400
400
51
85
264
358
224
5
105
205
263
155
214
290
186
152
48
471
400
445
447
93
291
22
486
331
144
131
140
146
289
291
272
162
359
55
86
356
91
377
21
4
425
25
50
188
66
176
133
473
301
73
227
339
449
249
63
138
179
482
38
144
327
254
340
90
344
277
35
40
117
403
212
267
89
9
167
433
10
215
327
44
369
185
470
226
173
287
9
107
140
291
9
337
437
142
128
83
445
207
201
292
164
214
283
318
64
426
36
231
272
338
208
209
92
334
78
409
369
6
434
102
174
23
206
230
175
455
221
129
212
199
326
122
380
206
302
477
119
42
36
445
290
8
139
64
134
45
356
464
390
116
408
223
254
141
319
236
